Начальное состояние: 
12 18 14 12 16|19 20 16 15 12
12 19 18 20 16|10 18 10 19 16
20 18 19 16 15|10 11 11 20 13
20 10 12 15 10|16 13 13 15 18
13 15 18 19 12|16 17 20 13 17
- - - - - - - - - - - - - - -
12 13 14 12 18|10 19 20 19 10
15 13 19 18 18|10 16 19 11 16
19 16 11 12 14|16 16 10 18 20
10 19 13 10 19|14 16 12 16 12
13 17 11 15 15|12 12 17 12 11

Сумма элементов на начальном состоянии: 
Сумма 1 элемента = 389
Сумма 2 элемента = 378
Сумма 3 элемента = 366
Сумма 4 элемента = 364
Конечное состояние: 
12 13 14 12 18|12 18 14 12 16
15 13 19 18 18|12 19 18 20 16
19 16 11 12 14|20 18 19 16 15
10 19 13 10 19|20 10 12 15 10
13 17 11 15 15|13 15 18 19 12
- - - - - - - - - - - - - - -
10 19 20 19 10|19 20 16 15 12
10 16 19 11 16|10 18 10 19 16
16 16 10 18 20|10 11 11 20 13
14 16 12 16 12|16 13 13 15 18
12 12 17 12 11|16 17 20 13 17

Сумма 1 элемента = 366
Сумма 2 элемента = 389
Сумма 3 элемента = 364
Сумма 4 элемента = 378
